 -0.00000150001881138451
 0.00000117059073545533
 0.00000384247459805920
 0.00001120397337217582
 0.00003143526555504650
 0.00008551924111088738
 0.00022572907619178295
 0.00057805085089057684
 0.00143597088754177094
 0.00345992925576865673
 0.00808470509946346283
 0.01831835880875587463
 0.04024163633584976196
 0.08569464087486267090
 0.17687925696372985840
 0.35379445552825927734
 0.68567913770675659180
 1.28731799125671386719
 2.34074449539184570312
 4.12114620208740234375
 7.02341270446777343750
 11.58213233947753906250
 18.47385787963867187500
 28.48640632629394531250
 42.43680953979492187500
 61.02886581420898437500
 84.63844299316406250000
 113.04844665527343750000
 145.16407775878906250000
 178.77410888671875000000
 210.43534851074218750000
 235.57104492187500000000
 248.83358764648437500000
 244.77221679687500000000
 218.70486450195312500000
 167.74298095703125000000
 91.67671203613281250000
 -6.40671539306640625000
 -119.98135375976562500000
 -239.59478759765625000000
 -353.91082763671875000000
 -451.18222045898437500000
 -520.95281982421875000000
 -555.53363037109375000000
 -551.13415527343750000000
 -508.25146484375000000000
 -431.42425537109375000000
 -328.31152343750000000000
 -208.35864257812500000000
 -81.28893280029296875000
 44.22106933593750000000
 161.54483032226562500000
 266.54272460937500000000
 357.52822875976562500000
 434.70120239257812500000
 499.30014038085937500000
 552.66613769531250000000
 595.34997558593750000000
 626.50311279296875000000
 643.63677978515625000000
 642.77648925781250000000
 619.06646728515625000000
 567.63427734375000000000
 484.61270141601562500000
 368.18917846679687500000
 219.41485595703125000000
 42.63735198974609375000
 -154.38455200195312500000
 -361.07708740234375000000
 -564.89495849609375000000
 -752.51696777343750000000
 -911.26550292968750000000
 -1030.37768554687500000000
 -1102.14062500000000000000
 -1122.55200195312500000000
 -1091.64587402343750000000
 -1013.24981689453125000000
 -894.54180908203125000000
 -744.90710449218750000000
 -575.20941162109375000000
 -396.61141967773437500000
 -219.43838500976562500000
 -52.89994812011718750000
 95.99697875976562500000
 222.22752380371093750000
 322.97235107421875000000
 397.45626831054687500000
 446.45626831054687500000
 472.10131835937500000000
 477.29776000976562500000
 465.33245849609375000000
 439.77871704101562500000
 403.74905395507812500000
 360.21868896484375000000
 311.61141967773437500000
 259.85272216796875000000
 206.32260131835937500000
 152.01518249511718750000
 97.51345825195312500000
 43.13789749145507812500
 -15.91870403289794921875
 End of file 
