 0.00000003054369912547
 0.00000001663172888300
 0.00000004641276163397
 0.00000013577864876879
 0.00000038894452814020
 0.00000108305459889380
 0.00000292931099465932
 0.00000769420785218244
 0.00001962501846719533
 0.00004860415356233716
 0.00011687548249028623
 0.00027285775286145508
 0.00061843334697186947
 0.00136071979068219662
 0.00290636066347360611
 0.00602582143619656563
 0.01212704833596944809
 0.02368926070630550385
 0.04491470754146575928
 0.08265168964862823486
 0.14761307835578918457
 0.25585010647773742676
 0.43033805489540100098
 0.70237213373184204102
 1.11229169368743896484
 1.70889210700988769531
 2.54678106307983398438
 3.68101167678833007812
 5.15862274169921875000
 7.00735425949096679688
 9.22243309020996093750
 11.75358963012695312500
 14.49481964111328125000
 17.28020858764648437500
 19.88850402832031250000
 22.05835723876953125000
 23.51385498046875000000
 23.99820327758789062500
 23.31082153320312500000
 21.34172058105468750000
 18.09672546386718750000
 13.70813941955566406250
 8.42793083190917968750
 2.60354876518249511719
 -3.35975742340087890625
 -9.04436397552490234375
 -14.06513881683349609375
 -18.10739898681640625000
 -20.95175361633300781250
 -22.48337364196777343750
 -22.68605422973632812500
 -21.62415313720703125000
 -19.41743469238281250000
 -16.21434974670410156250
 -12.16909217834472656250
 -7.42648983001708984375
 -2.11622214317321777344
 3.64348697662353515625
 9.73474121093750000000
 16.02516937255859375000
 22.35300827026367187500
 28.51636505126953125000
 34.27046966552734375000
 39.33354568481445312500
 43.40318679809570312500
 46.18051147460937500000
 47.39972686767578125000
 46.85884094238281250000
 44.44699859619140625000
 40.16399002075195312500
 34.12948226928710937500
 26.57955932617187500000
 17.85096549987792968750
 8.35541534423828125000
 -1.45368599891662597656
 -11.11726951599121093750
 -20.20567131042480468750
 -28.34882164001464843750
 -35.25879669189453125000
 -40.74239349365234375000
 -44.70563888549804687500
 -47.14796066284179687500
 -48.15024185180664062500
 -47.85813522338867187500
 -46.46245956420898437500
 -44.18009567260742187500
 -41.23587036132812500000
 -37.84774780273437500000
 -34.21554565429687500000
 -30.51344490051269531250
 -26.88594436645507812500
 -23.44684791564941406250
 -20.28108787536621093750
 -17.44750976562500000000
 -14.98315906524658203125
 -12.90759754180908203125
 -11.22725391387939453125
 -9.93927097320556640625
 -9.03473091125488281250
 -8.50102424621582031250
 -8.84617137908935546875
 End of file 
