 0.00000000000000000000
 0.00000000292647706068
 0.00000000960618695700
 0.00000002800993570418
 0.00000007858817241413
 0.00000021379811698807
 0.00000056432270412188
 0.00000144512728184054
 0.00000358992747351294
 0.00000864982393977698
 0.00002021176442212891
 0.00004579589949571528
 0.00010060409840662032
 0.00021423661382868886
 0.00044219818664714694
 0.00088448618771508336
 0.00171419791877269745
 0.00321829528547823429
 0.00585186155512928963
 0.01030286587774753571
 0.01755853369832038879
 0.02895533293485641479
 0.04618464782834053040
 0.07121602445840835571
 0.10609202831983566284
 0.15257216989994049072
 0.21159611642360687256
 0.28262114524841308594
 0.36291021108627319336
 0.44693529605865478516
 0.52608841657638549805
 0.58892762660980224609
 0.62208402156829833984
 0.61193060874938964844
 0.54676222801208496094
 0.41935747861862182617
 0.22919179499149322510
 -0.01601678878068923950
 -0.29995340108871459961
 -0.59898698329925537109
 -0.88477712869644165039
 -1.12795567512512207031
 -1.30238211154937744141
 -1.38883411884307861328
 -1.37783551216125488281
 -1.27062880992889404297
 -1.07856070995330810547
 -0.82077884674072265625
 -0.52089661359786987305
 -0.20322234928607940674
 0.11055268347263336182
 0.40386211872100830078
 0.66635686159133911133
 0.89382064342498779297
 1.08675312995910644531
 1.24825048446655273438
 1.38166546821594238281
 1.48837506771087646484
 1.56625783443450927734
 1.60909211635589599609
 1.60694134235382080078
 1.54766631126403808594
 1.41908574104309082031
 1.21153187751770019531
 0.92047303915023803711
 0.54853719472885131836
 0.10659338533878326416
 -0.38596141338348388672
 -0.90269279479980468750
 -1.41223752498626708984
 -1.88129258155822753906
 -2.27816390991210937500
 -2.57594442367553710938
 -2.75535178184509277344
 -2.80638027191162109375
 -2.72911477088928222656
 -2.53312468528747558594
 -2.23635458946228027344
 -1.86226785182952880859
 -1.43802368640899658203
 -0.99152863025665283203
 -0.54859602451324462891
 -0.13224987685680389404
 0.23999246954917907715
 0.55556887388229370117
 0.80743092298507690430
 0.99364072084426879883
 1.11614072322845458984
 1.18025338649749755859
 1.19324445724487304688
 1.16333127021789550781
 1.09944689273834228516
 1.00937271118164062500
 0.90054678916931152344
 0.77902859449386596680
 0.64963185787200927734
 0.51580655574798583984
 0.38003799319267272949
 0.24378366768360137939
 0.10784475505352020264
 0.00000000000000000000
 End of file 
