 0.00000000000000000000
 0.00000000011499654701
 0.00000000039527495166
 0.00000000121789156537
 0.00000000362094287887
 0.00000001045473663197
 0.00000002933027865026
 0.00000007995187445431
 0.00000021175453923661
 0.00000054489777312483
 0.00000136227879465878
 0.00000330885882249277
 0.00000780823029344901
 0.00001790177338989452
 0.00003987626041634940
 0.00008630283991806209
 0.00018148681556340307
 0.00037085110670886934
 0.00073640519985929132
 0.00142111536115407944
 0.00266547594219446182
 0.00485957507044076920
 0.00861281249672174454
 0.01484111230820417404
 0.02486682310700416565
 0.04051979258656501770
 0.06422028690576553345
 0.09901591390371322632
 0.14853920042514801025
 0.21684867143630981445
 0.30813187360763549805
 0.42625296115875244141
 0.57416999340057373047
 0.75326991081237792969
 0.96271681785583496094
 1.19891035556793212891
 1.45520269870758056641
 1.72195196151733398438
 1.98698198795318603516
 2.23646807670593261719
 2.45613193511962890625
 2.63262939453125000000
 2.75493764877319335938
 2.81553101539611816406
 2.81118440628051757812
 2.74328374862670898438
 2.61762285232543945312
 2.44373965263366699219
 2.23392081260681152344
 2.00204133987426757812
 1.76242470741271972656
 1.52885723114013671875
 1.31387591361999511719
 1.12835538387298583984
 0.98137247562408447266
 0.88028085231781005859
 0.83089381456375122070
 0.83766633272171020508
 0.90379953384399414062
 1.03119993209838867188
 1.22028613090515136719
 1.46967935562133789062
 1.77581346035003662109
 2.13260436058044433594
 2.53120851516723632812
 2.96003270149230957031
 3.40498256683349609375
 3.85001277923583984375
 4.27794170379638671875
 4.67144107818603515625
 5.01417064666748046875
 5.29186058044433593750
 5.49325084686279296875
 5.61082983016967773438
 5.64123296737670898438
 5.58531522750854492188
 5.44789886474609375000
 5.23722267150878906250
 4.96418571472167968750
 4.64146661758422851562
 4.28261852264404296875
 3.90118837356567382812
 3.50997471809387207031
 3.12044525146484375000
 2.74232602119445800781
 2.38336968421936035156
 2.04931020736694335938
 1.74393069744110107422
 1.46925699710845947266
 1.22578918933868408203
 1.01278889179229736328
 0.82857400178909301758
 0.67076587677001953125
 0.53654801845550537109
 0.42285260558128356934
 0.32651767134666442871
 0.24440352618694305420
 0.17347779870033264160
 0.11086225509643554688
 0.05386675149202346802
 0.00000073760747909546
 End of file 
