 0.00000000000000000000
 74060.79687500000000000000
 -209165.28125000000000000000
 494858.40625000000000000000
 -1089989.37500000000000000000
 2264297.50000000000000000000
 -4338587.00000000000000000000
 7256329.00000000000000000000
 -9472488.00000000000000000000
 6443557.00000000000000000000
 9769671.00000000000000000000
 -48249864.00000000000000000000
 117694480.00000000000000000000
 -237461904.00000000000000000000
 472306080.00000000000000000000
 -977752320.00000000000000000000
 2005804160.00000000000000000000
 -3822882048.00000000000000000000
 6584584704.00000000000000000000
 -10338438144.00000000000000000000
 15265259520.00000000000000000000
 -21913376768.00000000000000000000
 30951208960.00000000000000000000
 -42458763264.00000000000000000000
 55640748032.00000000000000000000
 -69756092416.00000000000000000000
 85858050048.00000000000000000000
 -108227108864.00000000000000000000
 144691789824.00000000000000000000
 -205315932160.00000000000000000000
 299928322048.00000000000000000000
 -437231779840.00000000000000000000
 625500946432.00000000000000000000
 -863340003328.00000000000000000000
 1105799938048.00000000000000000000
 -1218582413312.00000000000000000000
 973912866816.00000000000000000000
 -141480345600.00000000000000000000
 -1336876335104.00000000000000000000
 3187703021568.00000000000000000000
 -4806452183040.00000000000000000000
 5508613799936.00000000000000000000
 -4945887100928.00000000000000000000
 3404630589440.00000000000000000000
 -1705569550336.00000000000000000000
 714558472192.00000000000000000000
 -805915197440.00000000000000000000
 1654669967360.00000000000000000000
 -2467506159616.00000000000000000000
 2470090637312.00000000000000000000
 -1344055148544.00000000000000000000
 -645459738624.00000000000000000000
 2897504632832.00000000000000000000
 -4892624683008.00000000000000000000
 6435043278848.00000000000000000000
 -7552250150912.00000000000000000000
 8232644378624.00000000000000000000
 -8323673358336.00000000000000000000
 7693813153792.00000000000000000000
 -6449653088256.00000000000000000000
 4941188956160.00000000000000000000
 -3523936780288.00000000000000000000
 2317630832640.00000000000000000000
 -1217400012800.00000000000000000000
 141362184192.00000000000000000000
 765414670336.00000000000000000000
 -1195857936384.00000000000000000000
 930670903296.00000000000000000000
 4481534464.00000000000000000000
 -1416751611904.00000000000000000000
 3122460360704.00000000000000000000
 -4985212895232.00000000000000000000
 6764857131008.00000000000000000000
 -8015683518464.00000000000000000000
 8314053197824.00000000000000000000
 -7701504458752.00000000000000000000
 6796181766144.00000000000000000000
 -6248300806144.00000000000000000000
 6040486150144.00000000000000000000
 -5493293056000.00000000000000000000
 4080181706752.00000000000000000000
 -2185080340480.00000000000000000000
 989802463232.00000000000000000000
 -1614448689152.00000000000000000000
 4289014267904.00000000000000000000
 -8160524369920.00000000000000000000
 11774250188800.00000000000000000000
 -13853541793792.00000000000000000000
 13899498782720.00000000000000000000
 -12299377049600.00000000000000000000
 9967014772736.00000000000000000000
 -7912547680256.00000000000000000000
 7269511593984.00000000000000000000
 -9597843668992.00000000000000000000
 15991020978176.00000000000000000000
 -24261324439552.00000000000000000000
 27548180283392.00000000000000000000
 -19035378941952.00000000000000000000
 33587268.00000000000000000000
 19035334901760.00000000000000000000
 0.00000000000000000000
 End of file 
